[N
407
125
24 charge_pump_current_bits
4
4 mode
100
14 c2_test_source
258
6 g2_low
386
13 port_scanread
95
14 c3_use_casc_in
167
23 using_fbmimicbidir_port
144
19 scan_chain_mif_file
250
6 c6_low
182
16 clk7_phase_shift
382
11 port_areset
92
12 clk4_counter
62
7 c0_high
3
6 behave
289
7 g3_mode
210
17 extclk3_divide_by
326
15 extclk3_counter
94
14 c2_use_casc_in
231
2 m2
285
7 l1_mode
302
5 g1_ph
265
10 c6_initial
194
15 clk6_duty_cycle
232
2 n2
168
13 source_is_pll
133
32 test_counter_c4_delay_chain_bits
206
19 extclk3_multiply_by
227
20 sclkout1_phase_shift
321
14 c5_use_casc_in
36
14 clk1_divide_by
279
7 c5_mode
332
12 clk7_counter
261
6 e1_low
60
1 m
61
1 n
398
15 port_scanclkena
116
26 clk3_use_even_counter_mode
29
21 clk0_output_frequency
41
14 clk2_divide_by
245
7 e0_high
349
15 port_extclkena0
350
15 port_extclkena1
108
19 charge_pump_current
352
15 port_extclkena3
96
14 c4_use_casc_in
305
5 e0_ph
1
54 C:/altera_lite/25.1std/questa_fse/intel/vhdl/altera_mf
147
14 use_vco_bypass
351
15 port_extclkena2
13
22 inclk0_input_frequency
67
7 c1_high
127
18 loop_filter_c_bits
323
14 c7_use_casc_in
191
15 clk9_duty_cycle
10
14 operation_mode
134
32 test_counter_c5_delay_chain_bits
142
28 vco_range_detector_high_bits
63
6 c0_low
158
22 switch_over_on_lossclk
274
10 g3_initial
300
5 l1_ph
241
7 g0_high
233
2 ss
383
11 port_pfdena
322
14 c6_use_casc_in
280
7 c6_mode
308
5 e3_ph
34
21 clk1_output_frequency
76
5 c2_ph
32
16 clk0_phase_shift
246
7 e1_high
21
15 use_dc_coupling
219
18 extclk2_time_delay
276
10 e1_initial
151
17 qualify_conf_done
369
13 port_scandone
72
7 c2_high
325
14 c9_use_casc_in
19
9 bandwidth
226
20 sclkout0_phase_shift
177
14 clk7_divide_by
123
24 init_block_reset_a_count
37
16 clk1_phase_shift
148
6 altpll
196
26 clk9_use_even_counter_mode
192
15 clk8_duty_cycle
209
19 extclk0_multiply_by
390
11 port_locked
131
32 test_counter_c2_delay_chain_bits
155
17 gate_lock_counter
324
14 c8_use_casc_in
334
12 clk5_counter
281
7 c7_mode
257
6 g1_low
242
7 g1_high
141
23 test_volt_reg_test_mode
8
17 mf_cycloneiii_pll
367
13 port_scandata
208
19 extclk1_multiply_by
380
11 port_pllena
204
27 clk6_use_even_counter_value
264
10 c5_initial
357
9 port_clk0
358
9 port_clk1
359
9 port_clk2
360
9 port_clk3
361
9 port_clk4
247
7 e2_high
363
9 port_clk6
364
9 port_clk7
365
9 port_clk8
366
9 port_clk9
249
6 c5_low
77
7 c3_high
207
19 extclk2_multiply_by
362
9 port_clk5
374
16 port_activeclock
20
14 bandwidth_type
294
5 c5_ph
353
12 port_extclk0
354
12 port_extclk1
355
12 port_extclk2
356
12 port_extclk3
270
10 l1_initial
48
15 clk3_duty_cycle
384
12 port_scanclk
31
14 clk0_divide_by
260
6 e0_low
135
31 test_counter_m_delay_chain_bits
239
7 l0_high
282
7 c8_mode
378
9 port_fbin
117
26 clk4_use_even_counter_mode
243
7 g2_high
179
14 clk5_divide_by
203
27 clk7_use_even_counter_value
273
10 g2_initial
396
17 port_vcooverrange
187
15 clk3_time_delay
248
7 e3_high
228
15 dpa_multiply_by
394
14 port_phasestep
82
7 c4_high
395
16 port_phaseupdown
22
6 lock_c
275
10 e0_initial
156
21 valid_lock_multiplier
143
27 vco_range_detector_low_bits
319
12 m_time_delay
43
15 clk2_duty_cycle
97
13 m_test_source
12
16 compensate_clock
223
18 extclk2_duty_cycle
6
7 modulus
385
13 port_scanaclr
23
29 sim_gate_lock_device_behavior
240
7 l1_high
283
7 c9_mode
244
7 g3_high
297
5 c8_ph
90
12 clk2_counter
407
16 SDRAM_BANK_WIDTH
202
27 clk8_use_even_counter_value
84
10 c4_initial
178
14 clk6_divide_by
188
15 clk2_time_delay
234
7 c5_high
159
25 switch_over_on_gated_lock
93
14 c1_use_casc_in
388
12 port_enable0
389
12 port_enable1
112
15 simulation_type
256
6 g0_low
195
15 clk5_duty_cycle
28
23 test_bypass_lock_detect
314
13 g3_time_delay
83
6 c4_low
269
10 l0_initial
162
16 spread_frequency
229
13 dpa_divide_by
201
27 clk9_use_even_counter_value
128
18 loop_filter_r_bits
368
16 port_scandataout
303
5 g2_ph
185
15 clk5_time_delay
397
18 port_vcounderrange
306
5 e1_ph
66
5 c0_ph
235
7 c6_high
150
22 intended_device_family
272
10 g1_initial
379
10 port_fbout
318
13 e3_time_delay
53
15 clk4_duty_cycle
200
26 clk5_use_even_counter_mode
313
13 g2_time_delay
51
14 clk4_divide_by
399
82 C:/Users/mikaj/Documents/GitHub/SDRAM_Controller/Source/simulation/questa/rtl_work
120
27 clk2_use_even_counter_value
220
18 extclk1_time_delay
253
6 c9_low
91
12 clk3_counter
186
15 clk4_time_delay
30
16 clk0_multiply_by
236
7 c7_high
79
10 c3_initial
35
16 clk1_multiply_by
317
13 e2_time_delay
81
5 c3_ph
255
6 l1_low
11
8 pll_type
40
16 clk2_multiply_by
24
9 lock_high
113
26 clk0_use_even_counter_mode
381
14 port_clkswitch
164
29 self_reset_on_gated_loss_lock
121
27 clk3_use_even_counter_value
221
18 extclk0_time_delay
391
17 port_configupdate
175
14 clk9_divide_by
152
10 scan_chain
45
16 clk3_multiply_by
111
22 pll_compensation_delay
237
7 c8_high
18
26 enable_switch_over_counter
17
19 switch_over_counter
217
19 extclk0_phase_shift
214
19 extclk3_phase_shift
50
16 clk4_multiply_by
375
12 port_clkloss
9
9 vital_pll
107
20 vco_phase_shift_step
400
20 sdram_controller_top
401
24 beh_sdram_controller_top
157
23 invalid_lock_multiplier
163
11 down_spread
271
10 g0_initial
78
6 c3_low
216
19 extclk1_phase_shift
218
18 extclk3_time_delay
174
16 clk5_multiply_by
104
13 vco_divide_by
122
27 clk4_use_even_counter_value
295
5 c6_ph
38
15 clk1_duty_cycle
268
10 c9_initial
212
17 extclk1_divide_by
238
7 c9_high
173
16 clk6_multiply_by
101
14 c3_test_source
331
12 clk8_counter
335
15 enable0_counter
199
26 clk6_use_even_counter_mode
224
18 extclk1_duty_cycle
377
11 port_inclk0
376
11 port_inclk1
74
10 c2_initial
154
16 gate_lock_signal
172
16 clk7_multiply_by
26
14 lock_window_ui
189
15 clk1_time_delay
343
12 port_clkena0
109
13 loop_filter_r
345
12 port_clkena2
346
12 port_clkena3
347
12 port_clkena4
348
12 port_clkena5
387
14 port_scanwrite
98
14 c0_test_source
252
6 c8_low
230
11 dpa_divider
110
13 loop_filter_c
205
27 clk5_use_even_counter_value
33
15 clk0_duty_cycle
344
12 port_clkena1
171
16 clk8_multiply_by
145
13 auto_settings
58
10 vco_center
149
8 behavior
99
14 c1_test_source
301
5 g0_ph
211
17 extclk2_divide_by
298
5 c9_ph
170
16 clk9_multiply_by
225
18 extclk0_duty_cycle
254
6 l0_low
263
6 e3_low
25
8 lock_low
190
15 clk0_time_delay
105
14 vco_post_scale
114
26 clk1_use_even_counter_mode
215
19 extclk2_phase_shift
176
14 clk8_divide_by
342
8 lpm_type
327
15 extclk2_counter
39
21 clk2_output_frequency
403
10 DATA_WIDTH
56
7 vco_min
132
32 test_counter_c3_delay_chain_bits
222
18 extclk3_duty_cycle
312
13 g1_time_delay
65
7 c0_mode
267
10 c8_initial
73
6 c2_low
165
11 width_clock
393
14 port_phasedone
87
4 m_ph
299
5 l0_ph
406
16 SDRAM_DATA_WIDTH
5
14 mf_cda_mn_cntr
330
12 clk9_counter
138
32 test_input_comp_delay_chain_bits
140
33 test_volt_reg_output_voltage_bits
304
5 g3_ph
307
5 e2_ph
404
10 ADDR_WIDTH
71
5 c1_ph
373
12 port_clkbad1
336
15 enable1_counter
44
21 clk3_output_frequency
15
23 self_reset_on_loss_lock
69
10 c1_initial
213
17 extclk0_divide_by
372
12 port_clkbad0
316
13 e1_time_delay
290
7 e0_mode
54
7 pfd_min
169
8 skip_vco
129
32 test_counter_c0_delay_chain_bits
57
7 vco_max
88
12 clk0_counter
311
13 g0_time_delay
146
11 family_name
70
7 c1_mode
198
26 clk7_use_even_counter_mode
14
22 inclk1_input_frequency
329
15 extclk0_counter
124
24 init_block_reset_b_count
259
6 g3_low
405
16 SDRAM_ADDR_WIDTH
251
6 c7_low
59
9 m_initial
286
7 g0_mode
49
21 clk4_output_frequency
118
27 clk0_use_even_counter_value
340
14 c8_test_source
315
13 e0_time_delay
55
7 pfd_max
52
16 clk4_phase_shift
291
7 e1_mode
160
15 feedback_source
130
32 test_counter_c1_delay_chain_bits
278
10 e3_initial
310
13 l1_time_delay
166
24 width_phasecounterselect
86
5 c4_ph
75
7 c2_mode
2
17 mf_cda_scale_cntr
137
35 test_feedback_comp_delay_chain_bits
184
16 clk5_phase_shift
262
6 e2_low
341
14 c9_test_source
115
26 clk2_use_even_counter_mode
42
16 clk2_phase_shift
46
14 clk3_divide_by
266
10 c7_initial
338
14 c6_test_source
153
13 primary_clock
287
7 g1_mode
119
27 clk1_use_even_counter_value
333
12 clk6_counter
16
16 switch_over_type
292
7 e2_mode
339
14 c7_test_source
309
13 l0_time_delay
103
15 vco_multiply_by
161
8 lpm_hint
136
31 test_counter_n_delay_chain_bits
47
16 clk3_phase_shift
64
10 c0_initial
80
7 c3_mode
68
6 c1_low
402
7 USE_PLL
392
23 port_phasecounterselect
181
16 clk8_phase_shift
102
14 c4_test_source
89
12 clk1_counter
126
19 lock_window_ui_bits
296
5 c7_ph
284
7 l0_mode
328
15 extclk1_counter
371
13 port_sclkout0
370
13 port_sclkout1
180
16 clk9_phase_shift
337
14 c5_test_source
320
12 n_time_delay
288
7 g2_mode
193
15 clk7_duty_cycle
293
7 e3_mode
27
11 lock_window
197
26 clk8_use_even_counter_mode
183
16 clk6_phase_shift
85
7 c4_mode
277
10 e2_initial
7
13 initial_value
106
21 vco_frequency_control
139
30 test_volt_reg_output_mode_bits
]
[G
1
148
149
1
305
0
0
0
0
0 0
0
0
]
[G
1
8
9
1
131
0
0
0
0
0 0
0
0
]
[G
1
148
149
1
351
0
0
0
0
17 0
80
79
82
84
95
67
79
78
78
69
67
84
73
86
73
84
89
1
1
1 17 1 1
]
[G
1
148
149
1
13
0
0
10000
0
0 0
0
0
]
[G
1
148
149
1
67
0
0
1
0
0 0
0
0
]
[G
1
8
9
1
141
0
0
0
0
5 0
102
97
108
115
101
1
1
1 5 1 1
]
[G
1
148
149
1
10
1
0
0
0
6 0
78
79
82
77
65
76
1
1
1 6 1 1
]
[G
1
148
149
1
323
0
0
0
0
3 0
111
102
102
1
1
1 3 1 1
]
[G
1
148
149
1
191
0
0
50
0
0 0
0
0
]
[G
1
148
149
1
127
0
0
9999
0
0 0
0
0
]
[G
1
148
149
1
63
0
0
1
0
0 0
0
0
]
[G
1
148
149
1
158
0
0
0
0
3 0
79
70
70
1
1
1 3 1 1
]
[G
1
148
149
1
274
0
0
1
0
0 0
0
0
]
[G
1
148
149
1
280
0
0
0
0
6 0
98
121
112
97
115
115
1
1
1 6 1 1
]
[G
1
148
149
1
241
0
0
1
0
0 0
0
0
]
[G
1
8
9
1
77
0
0
1
0
0 0
0
0
]
[G
1
148
149
1
233
0
0
0
0
0 0
0
0
]
[G
1
148
149
1
383
0
0
0
0
11 0
80
79
82
84
95
85
78
85
83
69
68
1
1
1 11 1 1
]
[G
1
148
149
1
322
0
0
0
0
3 0
111
102
102
1
1
1 3 1 1
]
[G
1
148
149
1
300
0
0
0
0
0 0
0
0
]
[G
1
148
149
1
308
0
0
0
0
0 0
0
0
]
[G
1
8
9
1
20
0
0
0
0
4 0
97
117
116
111
1
1
1 4 1 1
]
[G
1
148
149
1
226
0
0
0
0
1 1
48
1
1
1 1 1 1
]
[G
1
148
149
1
76
0
0
0
0
0 0
0
0
]
[G
1
148
149
1
32
0
0
0
0
1 1
48
1
1
1 1 1 1
]
[G
1
148
149
1
246
0
0
1
0
0 0
0
0
]
[G
1
148
149
1
219
0
0
0
0
1 1
48
1
1
1 1 1 1
]
[G
1
8
9
1
48
0
0
50
0
0 0
0
0
]
[G
1
148
149
1
276
0
0
1
0
0 0
0
0
]
[G
1
148
149
1
34
0
0
0
0
0 0
0
0
]
[G
1
8
9
1
31
0
0
1
0
0 0
0
0
]
[G
1
148
149
1
369
0
0
0
0
11 0
80
79
82
84
95
85
78
85
83
69
68
1
1
1 11 1 1
]
[G
1
8
9
1
135
0
0
0
0
0 0
0
0
]
[G
1
148
149
1
72
0
0
1
0
0 0
0
0
]
[G
1
148
149
1
325
0
0
0
0
3 0
111
102
102
1
1
1 3 1 1
]
[G
1
148
149
1
19
0
0
0
0
0 0
0
0
]
[G
1
148
149
1
151
0
0
0
0
3 0
79
70
70
1
1
1 3 1 1
]
[G
1
148
149
1
177
0
0
1
0
0 0
0
0
]
[G
1
8
9
1
117
0
0
0
0
3 0
111
102
102
1
1
1 3 1 1
]
[G
1
148
149
1
37
0
0
0
0
1 1
48
1
1
1 1 1 1
]
[G
1
148
149
1
196
0
0
0
0
3 0
79
70
70
1
1
1 3 1 1
]
[G
1
148
149
1
192
0
0
50
0
0 0
0
0
]
[G
1
148
149
1
209
0
0
1
0
0 0
0
0
]
[G
1
148
149
1
390
0
0
0
0
9 0
80
79
82
84
95
85
83
69
68
1
1
1 9 1 1
]
[G
1
148
149
1
155
0
0
0
0
0 0
0
0
]
[G
1
148
149
1
324
0
0
0
0
3 0
111
102
102
1
1
1 3 1 1
]
[G
1
148
149
1
334
0
0
0
0
2 0
108
49
1
1
1 2 1 1
]
[G
1
8
9
1
22
0
0
4
0
0 0
0
0
]
[G
1
148
149
1
257
0
0
1
0
0 0
0
0
]
[G
1
148
149
1
242
0
0
1
0
0 0
0
0
]
[G
1
8
9
1
143
0
0
-1
0
0 0
0
0
]
[G
1
148
149
1
367
0
0
0
0
11 0
80
79
82
84
95
85
78
85
83
69
68
1
1
1 11 1 1
]
[G
1
148
149
1
281
0
0
0
0
6 0
98
121
112
97
115
115
1
1
1 6 1 1
]
[G
1
148
149
1
208
0
0
1
0
0 0
0
0
]
[G
1
8
9
1
82
0
0
1
0
0 0
0
0
]
[G
1
148
149
1
380
0
0
0
0
11 0
80
79
82
84
95
85
78
85
83
69
68
1
1
1 11 1 1
]
[G
1
148
149
1
247
0
0
1
0
0 0
0
0
]
[G
1
8
9
1
43
0
0
50
0
0 0
0
0
]
[G
1
8
9
1
97
0
0
-1
0
0 0
0
0
]
[G
1
8
9
1
12
0
0
0
0
4 0
99
108
107
48
1
1
1 4 1 1
]
[G
1
148
149
1
357
0
0
0
0
9 0
80
79
82
84
95
85
83
69
68
1
1
1 9 1 1
]
[G
1
148
149
1
358
0
0
0
0
11 0
80
79
82
84
95
85
78
85
83
69
68
1
1
1 11 1 1
]
[G
1
148
149
1
359
0
0
0
0
11 0
80
79
82
84
95
85
78
85
83
69
68
1
1
1 11 1 1
]
[G
1
148
149
1
360
0
0
0
0
11 0
80
79
82
84
95
85
78
85
83
69
68
1
1
1 11 1 1
]
[G
1
148
149
1
361
0
0
0
0
11 0
80
79
82
84
95
85
78
85
83
69
68
1
1
1 11 1 1
]
[G
1
148
149
1
204
0
0
0
0
3 0
79
70
70
1
1
1 3 1 1
]
[G
1
148
149
1
363
0
0
0
0
17 0
80
79
82
84
95
67
79
78
78
69
67
84
73
86
73
84
89
1
1
1 17 1 1
]
[G
1
148
149
1
364
0
0
0
0
17 0
80
79
82
84
95
67
79
78
78
69
67
84
73
86
73
84
89
1
1
1 17 1 1
]
[G
1
148
149
1
365
0
0
0
0
17 0
80
79
82
84
95
67
79
78
78
69
67
84
73
86
73
84
89
1
1
1 17 1 1
]
[G
1
148
149
1
366
0
0
0
0
17 0
80
79
82
84
95
67
79
78
78
69
67
84
73
86
73
84
89
1
1
1 17 1 1
]
[G
1
148
149
1
249
0
0
1
0
0 0
0
0
]
[G
1
148
149
1
77
0
0
1
0
0 0
0
0
]
[G
1
8
9
1
23
0
0
0
0
3 0
111
102
102
1
1
1 3 1 1
]
[G
1
148
149
1
207
0
0
1
0
0 0
0
0
]
[G
1
148
149
1
362
0
0
0
0
11 0
80
79
82
84
95
85
78
85
83
69
68
1
1
1 11 1 1
]
[G
1
148
149
1
374
0
0
0
0
11 0
80
79
82
84
95
85
78
85
83
69
68
1
1
1 11 1 1
]
[G
1
148
149
1
20
0
0
0
0
4 0
65
85
84
79
1
1
1 4 1 1
]
[G
1
148
149
1
294
0
0
0
0
0 0
0
0
]
[G
1
8
9
1
90
0
0
0
0
6 0
117
110
117
115
101
100
1
1
1 6 1 1
]
[G
1
148
149
1
353
0
0
0
0
11 0
80
79
82
84
95
85
78
85
83
69
68
1
1
1 11 1 1
]
[G
1
148
149
1
354
0
0
0
0
11 0
80
79
82
84
95
85
78
85
83
69
68
1
1
1 11 1 1
]
[G
1
148
149
1
355
0
0
0
0
11 0
80
79
82
84
95
85
78
85
83
69
68
1
1
1 11 1 1
]
[G
1
148
149
1
356
0
0
0
0
11 0
80
79
82
84
95
85
78
85
83
69
68
1
1
1 11 1 1
]
[G
399
400
401
1
405
1
0
12
0
0 0
0
0
]
[G
1
148
149
1
270
0
0
1
0
0 0
0
0
]
[G
1
148
149
1
48
0
0
50
0
0 0
0
0
]
[G
1
148
149
1
384
0
0
0
0
11 0
80
79
82
84
95
85
78
85
83
69
68
1
1
1 11 1 1
]
[G
1
148
149
1
264
0
0
1
0
0 0
0
0
]
[G
1
148
149
1
31
0
0
1
0
0 0
0
0
]
[G
1
148
149
1
260
0
0
1
0
0 0
0
0
]
[G
399
400
401
1
406
1
0
16
0
0 0
0
0
]
[G
1
148
149
1
239
0
0
1
0
0 0
0
0
]
[G
1
148
149
1
282
0
0
0
0
6 0
98
121
112
97
115
115
1
1
1 6 1 1
]
[G
1
148
149
1
378
0
0
0
0
11 0
80
79
82
84
95
85
78
85
83
69
68
1
1
1 11 1 1
]
[G
1
148
149
1
117
0
0
0
0
3 0
79
70
70
1
1
1 3 1 1
]
[G
1
148
149
1
243
0
0
1
0
0 0
0
0
]
[G
1
148
149
1
179
0
0
1
0
0 0
0
0
]
[G
1
8
9
1
93
0
0
0
0
3 0
111
102
102
1
1
1 3 1 1
]
[G
1
8
9
1
84
0
0
1
0
0 0
0
0
]
[G
1
148
149
1
248
0
0
1
0
0 0
0
0
]
[G
1
148
149
1
273
0
0
1
0
0 0
0
0
]
[G
1
8
9
1
112
0
0
0
0
10 0
102
117
110
99
116
105
111
110
97
108
1
1
1 10 1 1
]
[G
1
148
149
1
396
0
0
0
0
17 0
80
79
82
84
95
67
79
78
78
69
67
84
73
86
73
84
89
1
1
1 17 1 1
]
[G
1
148
149
1
187
0
0
0
0
1 1
48
1
1
1 1 1 1
]
[G
1
148
149
1
203
0
0
0
0
3 0
79
70
70
1
1
1 3 1 1
]
[G
1
148
149
1
228
0
0
0
0
0 0
0
0
]
[G
1
148
149
1
394
0
0
0
0
11 0
80
79
82
84
95
85
78
85
83
69
68
1
1
1 11 1 1
]
[G
1
8
9
1
28
0
0
0
0
3 0
111
102
102
1
1
1 3 1 1
]
[G
1
148
149
1
82
0
0
1
0
0 0
0
0
]
[G
1
148
149
1
395
0
0
0
0
11 0
80
79
82
84
95
85
78
85
83
69
68
1
1
1 11 1 1
]
[G
1
8
9
1
83
0
0
1
0
0 0
0
0
]
[G
1
148
149
1
275
0
0
1
0
0 0
0
0
]
[G
1
148
149
1
156
0
0
1
0
0 0
0
0
]
[G
1
148
149
1
319
0
0
0
0
0 0
0
0
]
[G
399
400
401
1
404
1
0
12
0
0 0
0
0
]
[G
1
148
149
1
43
0
0
50
0
0 0
0
0
]
[G
1
148
149
1
97
0
0
5
0
0 0
0
0
]
[G
1
148
149
1
12
0
0
0
0
4 0
67
76
75
48
1
1
1 4 1 1
]
[G
1
8
9
1
128
0
0
9999
0
0 0
0
0
]
[G
1
148
149
1
223
0
0
50
0
0 0
0
0
]
[G
1
148
149
1
385
0
0
0
0
11 0
80
79
82
84
95
85
78
85
83
69
68
1
1
1 11 1 1
]
[G
1
148
149
1
23
0
0
0
0
3 0
79
70
70
1
1
1 3 1 1
]
[G
1
148
149
1
240
0
0
1
0
0 0
0
0
]
[G
1
148
149
1
283
0
0
0
0
6 0
98
121
112
97
115
115
1
1
1 6 1 1
]
[G
1
8
9
1
66
0
0
0
0
0 0
0
0
]
[G
1
148
149
1
297
0
0
0
0
0 0
0
0
]
[G
1
148
149
1
90
0
0
0
0
2 0
103
50
1
1
1 2 1 1
]
[G
1
148
149
1
244
0
0
1
0
0 0
0
0
]
[G
1
148
149
1
202
0
0
0
0
3 0
79
70
70
1
1
1 3 1 1
]
[G
1
8
9
1
53
0
0
50
0
0 0
0
0
]
[G
1
148
149
1
84
0
0
1
0
0 0
0
0
]
[G
1
148
149
1
178
0
0
1
0
0 0
0
0
]
[G
1
148
149
1
188
0
0
0
0
1 1
48
1
1
1 1 1 1
]
[G
1
148
149
1
234
0
0
1
0
0 0
0
0
]
[G
1
8
9
1
51
0
0
1
0
0 0
0
0
]
[G
1
148
149
1
159
0
0
0
0
3 0
79
70
70
1
1
1 3 1 1
]
[G
1
148
149
1
93
0
0
0
0
3 0
111
102
102
1
1
1 3 1 1
]
[G
1
148
149
1
388
0
0
0
0
17 0
80
79
82
84
95
67
79
78
78
69
67
84
73
86
73
84
89
1
1
1 17 1 1
]
[G
1
148
149
1
389
0
0
0
0
17 0
80
79
82
84
95
67
79
78
78
69
67
84
73
86
73
84
89
1
1
1 17 1 1
]
[G
1
148
149
1
112
0
0
0
0
10 0
102
117
110
99
116
105
111
110
97
108
1
1
1 10 1 1
]
[G
1
8
9
1
120
0
0
0
0
3 0
111
102
102
1
1
1 3 1 1
]
[G
1
8
9
1
30
0
0
1
0
0 0
0
0
]
[G
1
148
149
1
256
0
0
1
0
0 0
0
0
]
[G
1
148
149
1
195
0
0
50
0
0 0
0
0
]
[G
1
148
149
1
314
0
0
0
0
0 0
0
0
]
[G
1
8
9
1
91
0
0
0
0
6 0
117
110
117
115
101
100
1
1
1 6 1 1
]
[G
1
148
149
1
83
0
0
1
0
0 0
0
0
]
[G
1
148
149
1
269
0
0
1
0
0 0
0
0
]
[G
1
148
149
1
162
0
0
0
0
0 0
0
0
]
[G
1
8
9
1
79
0
0
1
0
0 0
0
0
]
[G
1
148
149
1
229
0
0
0
0
0 0
0
0
]
[G
1
8
9
1
35
0
0
1
0
0 0
0
0
]
[G
1
148
149
1
201
0
0
0
0
3 0
79
70
70
1
1
1 3 1 1
]
[G
1
148
149
1
128
0
0
9999
0
0 0
0
0
]
[G
1
148
149
1
368
0
0
0
0
11 0
80
79
82
84
95
85
78
85
83
69
68
1
1
1 11 1 1
]
[G
1
148
149
1
303
0
0
0
0
0 0
0
0
]
[G
1
148
149
1
185
0
0
0
0
1 1
48
1
1
1 1 1 1
]
[G
1
148
149
1
397
0
0
0
0
17 0
80
79
82
84
95
67
79
78
78
69
67
84
73
86
73
84
89
1
1
1 17 1 1
]
[G
1
148
149
1
306
0
0
0
0
0 0
0
0
]
[G
1
8
9
1
81
0
0
0
0
0 0
0
0
]
[G
1
148
149
1
66
0
0
0
0
0 0
0
0
]
[G
1
148
149
1
235
0
0
1
0
0 0
0
0
]
[G
1
148
149
1
150
1
0
0
0
6 0
77
65
88
32
49
48
1
1
1 6 1 1
]
[G
1
148
149
1
272
0
0
1
0
0 0
0
0
]
[G
1
8
9
1
11
0
0
0
0
4 0
97
117
116
111
1
1
1 4 1 1
]
[G
1
8
9
1
40
0
0
1
0
0 0
0
0
]
[G
1
148
149
1
379
0
0
0
0
17 0
80
79
82
84
95
67
79
78
78
69
67
84
73
86
73
84
89
1
1
1 17 1 1
]
[G
1
8
9
1
24
0
0
1
0
0 0
0
0
]
[G
1
8
9
1
113
0
0
0
0
3 0
111
102
102
1
1
1 3 1 1
]
[G
1
148
149
1
53
0
0
50
0
0 0
0
0
]
[G
1
8
9
1
121
0
0
0
0
3 0
111
102
102
1
1
1 3 1 1
]
[G
1
148
149
1
318
0
0
0
0
0 0
0
0
]
[G
1
148
149
1
200
0
0
0
0
3 0
79
70
70
1
1
1 3 1 1
]
[G
1
148
149
1
313
0
0
0
0
0 0
0
0
]
[G
1
148
149
1
51
0
0
1
0
0 0
0
0
]
[G
1
8
9
1
45
0
0
1
0
0 0
0
0
]
[G
1
8
9
1
111
0
0
0
0
0 0
0
0
]
[G
1
8
9
1
18
0
0
0
0
3 0
111
102
102
1
1
1 3 1 1
]
[G
1
148
149
1
120
0
0
0
0
3 0
79
70
70
1
1
1 3 1 1
]
[G
1
148
149
1
30
0
0
1
0
0 0
0
0
]
[G
1
148
149
1
253
0
0
1
0
0 0
0
0
]
[G
399
400
401
1
403
1
0
16
0
0 0
0
0
]
[G
1
8
9
1
50
0
0
1
0
0 0
0
0
]
[G
1
148
149
1
186
0
0
0
0
1 1
48
1
1
1 1 1 1
]
[G
1
8
9
1
17
0
0
0
0
0 0
0
0
]
[G
1
148
149
1
220
0
0
0
0
1 1
48
1
1
1 1 1 1
]
[G
1
8
9
1
107
0
0
0
0
0 0
0
0
]
[G
1
148
149
1
236
0
0
1
0
0 0
0
0
]
[G
1
148
149
1
91
0
0
0
0
2 0
103
51
1
1
1 2 1 1
]
[G
1
8
9
1
78
0
0
1
0
0 0
0
0
]
[G
1
148
149
1
79
0
0
1
0
0 0
0
0
]
[G
1
148
149
1
35
0
0
1
0
0 0
0
0
]
[G
1
148
149
1
317
0
0
0
0
0 0
0
0
]
[G
1
8
9
1
104
0
0
0
0
0 0
0
0
]
[G
1
8
9
1
122
0
0
0
0
3 0
111
102
102
1
1
1 3 1 1
]
[G
399
400
401
1
407
1
0
2
0
0 0
0
0
]
[G
1
148
149
1
81
0
0
0
0
0 0
0
0
]
[G
1
8
9
1
38
0
0
50
0
0 0
0
0
]
[G
1
148
149
1
255
0
0
1
0
0 0
0
0
]
[G
1
148
149
1
11
0
0
0
0
4 0
65
85
84
79
1
1
1 4 1 1
]
[G
1
148
149
1
40
0
0
1
0
0 0
0
0
]
[G
1
148
149
1
24
0
0
1
0
0 0
0
0
]
[G
1
148
149
1
113
0
0
0
0
3 0
79
70
70
1
1
1 3 1 1
]
[G
1
8
9
1
101
0
0
-1
0
0 0
0
0
]
[G
1
148
149
1
381
0
0
0
0
11 0
80
79
82
84
95
85
78
85
83
69
68
1
1
1 11 1 1
]
[G
1
148
149
1
164
0
0
0
0
3 0
79
70
70
1
1
1 3 1 1
]
[G
1
148
149
1
121
0
0
0
0
3 0
79
70
70
1
1
1 3 1 1
]
[G
1
148
149
1
221
0
0
0
0
1 1
48
1
1
1 1 1 1
]
[G
1
148
149
1
391
0
0
0
0
11 0
80
79
82
84
95
85
78
85
83
69
68
1
1
1 11 1 1
]
[G
1
148
149
1
175
0
0
1
0
0 0
0
0
]
[G
1
148
149
1
152
0
0
0
0
4 0
76
79
78
71
1
1
1 4 1 1
]
[G
1
148
149
1
45
0
0
1
0
0 0
0
0
]
[G
1
148
149
1
237
0
0
1
0
0 0
0
0
]
[G
1
148
149
1
18
0
0
0
0
3 0
79
70
70
1
1
1 3 1 1
]
[G
1
8
9
1
26
0
0
0
0
4 0
48
46
48
53
1
1
1 4 1 1
]
[G
1
8
9
1
109
0
0
0
0
9 0
32
49
46
48
48
48
48
48
48
1
1
1 9 1 1
]
[G
1
8
9
1
74
0
0
1
0
0 0
0
0
]
[G
1
148
149
1
17
0
0
0
0
0 0
0
0
]
[G
1
8
9
1
98
0
0
-1
0
0 0
0
0
]
[G
1
8
9
1
110
0
0
5
0
0 0
0
0
]
[G
1
148
149
1
50
0
0
1
0
0 0
0
0
]
[G
1
148
149
1
375
0
0
0
0
11 0
80
79
82
84
95
85
78
85
83
69
68
1
1
1 11 1 1
]
[G
1
148
149
1
217
0
0
0
0
1 1
48
1
1
1 1 1 1
]
[G
1
148
149
1
218
0
0
0
0
1 1
48
1
1
1 1 1 1
]
[G
1
8
9
1
33
0
0
50
0
0 0
0
0
]
[G
1
148
149
1
214
0
0
0
0
1 1
48
1
1
1 1 1 1
]
[G
1
148
149
1
157
0
0
5
0
0 0
0
0
]
[G
1
148
149
1
163
0
0
0
0
3 0
48
46
48
1
1
1 3 1 1
]
[G
1
148
149
1
271
0
0
1
0
0 0
0
0
]
[G
1
148
149
1
78
0
0
1
0
0 0
0
0
]
[G
1
8
9
1
145
0
0
0
0
4 0
116
114
117
101
1
1
1 4 1 1
]
[G
1
8
9
1
58
0
0
0
0
0 0
0
0
]
[G
1
8
9
1
99
0
0
-1
0
0 0
0
0
]
[G
1
148
149
1
107
0
0
0
0
0 0
0
0
]
[G
1
148
149
1
174
0
0
1
0
0 0
0
0
]
[G
1
148
149
1
104
0
0
0
0
0 0
0
0
]
[G
1
148
149
1
122
0
0
0
0
3 0
79
70
70
1
1
1 3 1 1
]
[G
1
148
149
1
216
0
0
0
0
1 1
48
1
1
1 1 1 1
]
[G
1
148
149
1
295
0
0
0
0
0 0
0
0
]
[G
1
148
149
1
38
0
0
50
0
0 0
0
0
]
[G
1
148
149
1
268
0
0
1
0
0 0
0
0
]
[G
1
148
149
1
212
0
0
1
0
0 0
0
0
]
[G
1
148
149
1
238
0
0
1
0
0 0
0
0
]
[G
1
8
9
1
25
0
0
0
0
0 0
0
0
]
[G
1
8
9
1
105
0
0
1
0
0 0
0
0
]
[G
1
148
149
1
173
0
0
1
0
0 0
0
0
]
[G
1
148
149
1
101
0
0
5
0
0 0
0
0
]
[G
1
148
149
1
331
0
0
0
0
2 0
99
56
1
1
1 2 1 1
]
[G
1
148
149
1
335
0
0
0
0
2 0
108
48
1
1
1 2 1 1
]
[G
1
148
149
1
199
0
0
0
0
3 0
79
70
70
1
1
1 3 1 1
]
[G
1
8
9
1
39
0
0
0
0
0 0
0
0
]
[G
1
148
149
1
224
0
0
50
0
0 0
0
0
]
[G
1
148
149
1
377
0
0
0
0
9 0
80
79
82
84
95
85
83
69
68
1
1
1 9 1 1
]
[G
1
148
149
1
376
0
0
0
0
11 0
80
79
82
84
95
85
78
85
83
69
68
1
1
1 11 1 1
]
[G
1
8
9
1
114
0
0
0
0
3 0
111
102
102
1
1
1 3 1 1
]
[G
1
148
149
1
74
0
0
1
0
0 0
0
0
]
[G
1
148
149
1
154
0
0
0
0
2 0
78
79
1
1
1 2 1 1
]
[G
1
8
9
1
56
0
0
0
0
0 0
0
0
]
[G
1
8
9
1
132
0
0
0
0
0 0
0
0
]
[G
1
148
149
1
26
0
0
0
0
4 0
48
46
48
53
1
1
1 4 1 1
]
[G
1
148
149
1
189
0
0
0
0
1 1
48
1
1
1 1 1 1
]
[G
1
148
149
1
343
0
0
0
0
11 0
80
79
82
84
95
85
78
85
83
69
68
1
1
1 11 1 1
]
[G
1
148
149
1
109
0
0
0
0
9 0
32
49
46
48
48
48
48
48
48
1
1
1 9 1 1
]
[G
1
148
149
1
345
0
0
0
0
11 0
80
79
82
84
95
85
78
85
83
69
68
1
1
1 11 1 1
]
[G
1
148
149
1
346
0
0
0
0
11 0
80
79
82
84
95
85
78
85
83
69
68
1
1
1 11 1 1
]
[G
1
148
149
1
347
0
0
0
0
11 0
80
79
82
84
95
85
78
85
83
69
68
1
1
1 11 1 1
]
[G
1
148
149
1
348
0
0
0
0
11 0
80
79
82
84
95
85
78
85
83
69
68
1
1
1 11 1 1
]
[G
1
148
149
1
387
0
0
0
0
11 0
80
79
82
84
95
85
78
85
83
69
68
1
1
1 11 1 1
]
[G
1
148
149
1
172
0
0
1
0
0 0
0
0
]
[G
1
8
9
1
65
0
0
0
0
6 0
98
121
112
97
115
115
1
1
1 6 1 1
]
[G
1
148
149
1
98
0
0
5
0
0 0
0
0
]
[G
1
148
149
1
252
0
0
1
0
0 0
0
0
]
[G
1
148
149
1
230
0
0
0
0
0 0
0
0
]
[G
1
148
149
1
110
0
0
5
0
0 0
0
0
]
[G
1
148
149
1
205
0
0
0
0
3 0
79
70
70
1
1
1 3 1 1
]
[G
1
8
9
1
73
0
0
1
0
0 0
0
0
]
[G
1
148
149
1
33
0
0
50
0
0 0
0
0
]
[G
1
8
9
1
87
0
0
0
0
0 0
0
0
]
[G
1
148
149
1
171
0
0
1
0
0 0
0
0
]
[G
1
148
149
1
344
0
0
0
0
11 0
80
79
82
84
95
85
78
85
83
69
68
1
1
1 11 1 1
]
[G
1
148
149
1
58
0
0
0
0
0 0
0
0
]
[G
1
148
149
1
99
0
0
5
0
0 0
0
0
]
[G
1
8
9
1
138
0
0
0
0
0 0
0
0
]
[G
1
8
9
1
140
0
0
0
0
0 0
0
0
]
[G
1
148
149
1
301
0
0
0
0
0 0
0
0
]
[G
1
148
149
1
211
0
0
1
0
0 0
0
0
]
[G
1
148
149
1
298
0
0
0
0
0 0
0
0
]
[G
1
148
149
1
170
0
0
1
0
0 0
0
0
]
[G
1
8
9
1
15
0
0
0
0
3 0
111
102
102
1
1
1 3 1 1
]
[G
1
8
9
1
69
0
0
1
0
0 0
0
0
]
[G
1
148
149
1
225
0
0
50
0
0 0
0
0
]
[G
1
148
149
1
254
0
0
1
0
0 0
0
0
]
[G
1
148
149
1
263
0
0
1
0
0 0
0
0
]
[G
1
8
9
1
44
0
0
0
0
0 0
0
0
]
[G
1
8
9
1
57
0
0
0
0
0 0
0
0
]
[G
1
8
9
1
54
0
0
0
0
0 0
0
0
]
[G
1
148
149
1
25
0
0
0
0
0 0
0
0
]
[G
1
8
9
1
129
0
0
0
0
0 0
0
0
]
[G
1
8
9
1
71
0
0
0
0
0 0
0
0
]
[G
1
148
149
1
105
0
0
0
0
0 0
0
0
]
[G
1
148
149
1
114
0
0
0
0
3 0
79
70
70
1
1
1 3 1 1
]
[G
1
148
149
1
215
0
0
0
0
1 1
48
1
1
1 1 1 1
]
[G
1
8
9
1
88
0
0
0
0
2 0
99
48
1
1
1 2 1 1
]
[G
1
8
9
1
146
0
0
0
0
6 0
77
65
88
32
49
48
1
1
1 6 1 1
]
[G
1
148
149
1
176
0
0
1
0
0 0
0
0
]
[G
1
8
9
1
70
0
0
0
0
6 0
98
121
112
97
115
115
1
1
1 6 1 1
]
[G
1
148
149
1
190
0
0
0
0
1 1
48
1
1
1 1 1 1
]
[G
1
8
9
1
14
0
0
0
0
0 0
0
0
]
[G
1
148
149
1
39
0
0
0
0
0 0
0
0
]
[G
1
148
149
1
342
0
0
0
0
6 0
97
108
116
112
108
108
1
1
1 6 1 1
]
[G
1
148
149
1
327
0
0
0
0
2 0
101
50
1
1
1 2 1 1
]
[G
1
8
9
1
124
0
0
1
0
0 0
0
0
]
[G
1
148
149
1
56
0
0
0
0
0 0
0
0
]
[G
1
148
149
1
222
0
0
50
0
0 0
0
0
]
[G
1
148
149
1
312
0
0
0
0
0 0
0
0
]
[G
1
148
149
1
65
0
0
0
0
6 0
98
121
112
97
115
115
1
1
1 6 1 1
]
[G
1
8
9
1
59
0
0
1
0
0 0
0
0
]
[G
1
148
149
1
267
0
0
1
0
0 0
0
0
]
[G
1
148
149
1
73
0
0
1
0
0 0
0
0
]
[G
1
148
149
1
165
1
0
5
0
0 0
0
0
]
[G
1
148
149
1
393
0
0
0
0
11 0
80
79
82
84
95
85
78
85
83
69
68
1
1
1 11 1 1
]
[G
1
148
149
1
87
0
0
0
0
0 0
0
0
]
[G
1
8
9
1
118
0
0
0
0
3 0
111
102
102
1
1
1 3 1 1
]
[G
1
8
9
1
55
0
0
0
0
0 0
0
0
]
[G
1
8
9
1
49
0
0
0
0
0 0
0
0
]
[G
1
8
9
1
130
0
0
0
0
0 0
0
0
]
[G
1
148
149
1
330
0
0
0
0
2 0
99
57
1
1
1 2 1 1
]
[G
1
148
149
1
336
0
0
0
0
2 0
108
48
1
1
1 2 1 1
]
[G
1
148
149
1
304
0
0
0
0
0 0
0
0
]
[G
1
8
9
1
52
0
0
0
0
1 1
48
1
1
1 1 1 1
]
[G
1
148
149
1
307
0
0
0
0
0 0
0
0
]
[G
1
8
9
1
86
0
0
0
0
0 0
0
0
]
[G
1
8
9
1
75
0
0
0
0
6 0
98
121
112
97
115
115
1
1
1 6 1 1
]
[G
1
148
149
1
373
0
0
0
0
11 0
80
79
82
84
95
85
78
85
83
69
68
1
1
1 11 1 1
]
[G
1
148
149
1
15
0
0
0
0
3 0
79
70
70
1
1
1 3 1 1
]
[G
1
148
149
1
299
0
0
0
0
0 0
0
0
]
[G
1
148
149
1
69
0
0
1
0
0 0
0
0
]
[G
1
148
149
1
213
0
0
1
0
0 0
0
0
]
[G
1
148
149
1
71
0
0
0
0
0 0
0
0
]
[G
1
148
149
1
316
0
0
0
0
0 0
0
0
]
[G
399
400
401
1
402
1
2
0
0
0 0
0
0
]
[G
1
148
149
1
57
0
0
0
0
0 0
0
0
]
[G
1
148
149
1
54
0
0
0
0
0 0
0
0
]
[G
1
148
149
1
169
0
0
0
0
3 0
111
102
102
1
1
1 3 1 1
]
[G
1
148
149
1
372
0
0
0
0
11 0
80
79
82
84
95
85
78
85
83
69
68
1
1
1 11 1 1
]
[G
1
8
9
1
115
0
0
0
0
3 0
111
102
102
1
1
1 3 1 1
]
[G
1
8
9
1
137
0
0
0
0
0 0
0
0
]
[G
1
148
149
1
88
0
0
0
0
2 0
103
48
1
1
1 2 1 1
]
[G
1
8
9
1
42
0
0
0
0
1 1
48
1
1
1 1 1 1
]
[G
1
8
9
1
46
0
0
1
0
0 0
0
0
]
[G
1
148
149
1
70
0
0
0
0
6 0
98
121
112
97
115
115
1
1
1 6 1 1
]
[G
1
148
149
1
198
0
0
0
0
3 0
79
70
70
1
1
1 3 1 1
]
[G
1
148
149
1
14
0
0
0
0
0 0
0
0
]
[G
1
148
149
1
290
0
0
0
0
6 0
98
121
112
97
115
115
1
1
1 6 1 1
]
[G
1
148
149
1
311
0
0
0
0
0 0
0
0
]
[G
1
148
149
1
329
0
0
0
0
2 0
101
48
1
1
1 2 1 1
]
[G
1
8
9
1
119
0
0
0
0
3 0
111
102
102
1
1
1 3 1 1
]
[G
1
8
9
1
16
0
0
0
0
4 0
97
117
116
111
1
1
1 4 1 1
]
[G
1
8
9
1
47
0
0
0
0
1 1
48
1
1
1 1 1 1
]
[G
1
148
149
1
251
0
0
1
0
0 0
0
0
]
[G
1
8
9
1
136
0
0
0
0
0 0
0
0
]
[G
1
148
149
1
59
0
0
1
0
0 0
0
0
]
[G
1
148
149
1
286
0
0
0
0
6 0
98
121
112
97
115
115
1
1
1 6 1 1
]
[G
1
8
9
1
80
0
0
0
0
6 0
98
121
112
97
115
115
1
1
1 6 1 1
]
[G
1
8
9
1
68
0
0
1
0
0 0
0
0
]
[G
1
148
149
1
259
0
0
1
0
0 0
0
0
]
[G
1
148
149
1
52
0
0
0
0
1 1
48
1
1
1 1 1 1
]
[G
1
8
9
1
64
0
0
1
0
0 0
0
0
]
[G
1
148
149
1
118
0
0
0
0
3 0
79
70
70
1
1
1 3 1 1
]
[G
1
148
149
1
340
0
0
5
0
0 0
0
0
]
[G
1
148
149
1
278
0
0
1
0
0 0
0
0
]
[G
1
148
149
1
55
0
0
0
0
0 0
0
0
]
[G
1
8
9
1
103
0
0
0
0
0 0
0
0
]
[G
1
148
149
1
166
1
0
4
0
0 0
0
0
]
[G
1
8
9
1
102
0
0
-1
0
0 0
0
0
]
[G
1
8
9
1
89
0
0
0
0
6 0
117
110
117
115
101
100
1
1
1 6 1 1
]
[G
1
8
9
1
126
0
0
0
0
0 0
0
0
]
[G
1
148
149
1
315
0
0
0
0
0 0
0
0
]
[G
1
148
149
1
310
0
0
0
0
0 0
0
0
]
[G
1
148
149
1
291
0
0
0
0
6 0
98
121
112
97
115
115
1
1
1 6 1 1
]
[G
1
148
149
1
160
0
0
0
0
7 0
69
88
84
67
76
75
48
1
1
1 7 1 1
]
[G
1
148
149
1
86
0
0
0
0
0 0
0
0
]
[G
1
148
149
1
184
0
0
0
0
1 1
48
1
1
1 1 1 1
]
[G
1
148
149
1
341
0
0
5
0
0 0
0
0
]
[G
1
148
149
1
75
0
0
0
0
6 0
98
121
112
97
115
115
1
1
1 6 1 1
]
[G
1
148
149
1
262
0
0
1
0
0 0
0
0
]
[G
1
148
149
1
115
0
0
0
0
3 0
79
70
70
1
1
1 3 1 1
]
[G
1
8
9
1
27
0
0
0
0
8 8
-120
19
0
0
0
0
0
0
0
0
]
[G
1
148
149
1
46
0
0
1
0
0 0
0
0
]
[G
1
148
149
1
266
0
0
1
0
0 0
0
0
]
[G
1
148
149
1
338
0
0
5
0
0 0
0
0
]
[G
1
148
149
1
153
0
0
0
0
6 0
105
110
99
108
107
48
1
1
1 6 1 1
]
[G
1
148
149
1
42
0
0
0
0
1 1
48
1
1
1 1 1 1
]
[G
1
148
149
1
287
0
0
0
0
6 0
98
121
112
97
115
115
1
1
1 6 1 1
]
[G
1
8
9
1
100
0
0
-1
0
0 0
0
0
]
[G
1
8
9
1
106
0
0
0
0
4 0
97
117
116
111
1
1
1 4 1 1
]
[G
1
8
9
1
139
0
0
0
0
0 0
0
0
]
[G
1
148
149
1
119
0
0
0
0
3 0
79
70
70
1
1
1 3 1 1
]
[G
1
8
9
1
125
0
0
9999
0
0 0
0
0
]
[G
1
8
9
1
85
0
0
0
0
6 0
98
121
112
97
115
115
1
1
1 6 1 1
]
[G
1
148
149
1
103
0
0
0
0
0 0
0
0
]
[G
1
8
9
1
95
0
0
0
0
3 0
111
102
102
1
1
1 3 1 1
]
[G
1
8
9
1
144
0
0
0
0
0 0
1
1
1 0 1 1
]
[G
1
148
149
1
339
0
0
5
0
0 0
0
0
]
[G
1
148
149
1
333
0
0
0
0
2 0
99
54
1
1
1 2 1 1
]
[G
1
148
149
1
309
0
0
0
0
0 0
0
0
]
[G
1
148
149
1
16
0
0
0
0
4 0
65
85
84
79
1
1
1 4 1 1
]
[G
1
148
149
1
161
0
0
0
0
27 0
67
66
88
95
77
79
68
85
76
69
95
80
82
69
70
73
88
61
83
68
82
65
77
95
80
76
76
1
1
1 27 1 1
]
[G
1
148
149
1
47
0
0
0
0
1 1
48
1
1
1 1 1 1
]
[G
1
148
149
1
64
0
0
1
0
0 0
0
0
]
[G
1
148
149
1
80
0
0
0
0
6 0
98
121
112
97
115
115
1
1
1 6 1 1
]
[G
1
148
149
1
68
0
0
1
0
0 0
0
0
]
[G
1
8
9
1
92
0
0
0
0
6 0
117
110
117
115
101
100
1
1
1 6 1 1
]
[G
1
8
9
1
62
0
0
1
0
0 0
0
0
]
[G
1
148
149
1
292
0
0
0
0
6 0
98
121
112
97
115
115
1
1
1 6 1 1
]
[G
1
148
149
1
392
0
0
0
0
11 0
80
79
82
84
95
85
78
85
83
69
68
1
1
1 11 1 1
]
[G
1
8
9
1
94
0
0
0
0
3 0
111
102
102
1
1
1 3 1 1
]
[G
1
148
149
1
181
0
0
0
0
1 1
48
1
1
1 1 1 1
]
[G
1
148
149
1
102
0
0
5
0
0 0
0
0
]
[G
1
148
149
1
89
0
0
0
0
2 0
103
49
1
1
1 2 1 1
]
[G
1
148
149
1
296
0
0
0
0
0 0
0
0
]
[G
1
8
9
1
133
0
0
0
0
0 0
0
0
]
[G
1
148
149
1
284
0
0
0
0
6 0
98
121
112
97
115
115
1
1
1 6 1 1
]
[G
1
148
149
1
328
0
0
0
0
2 0
101
49
1
1
1 2 1 1
]
[G
1
148
149
1
371
0
0
0
0
17 0
80
79
82
84
95
67
79
78
78
69
67
84
73
86
73
84
89
1
1
1 17 1 1
]
[G
1
148
149
1
370
0
0
0
0
17 0
80
79
82
84
95
67
79
78
78
69
67
84
73
86
73
84
89
1
1
1 17 1 1
]
[G
1
8
9
1
36
0
0
1
0
0 0
0
0
]
[G
1
148
149
1
180
0
0
0
0
1 1
48
1
1
1 1 1 1
]
[G
1
148
149
1
337
0
0
5
0
0 0
0
0
]
[G
1
8
9
1
60
0
0
0
0
0 0
0
0
]
[G
1
8
9
1
61
0
0
1
0
0 0
0
0
]
[G
1
148
149
1
320
0
0
0
0
0 0
0
0
]
[G
1
148
149
1
288
0
0
0
0
6 0
98
121
112
97
115
115
1
1
1 6 1 1
]
[G
1
8
9
1
116
0
0
0
0
3 0
111
102
102
1
1
1 3 1 1
]
[G
1
148
149
1
193
0
0
50
0
0 0
0
0
]
[G
1
148
149
1
293
0
0
0
0
6 0
98
121
112
97
115
115
1
1
1 6 1 1
]
[G
1
8
9
1
29
0
0
0
0
0 0
0
0
]
[G
1
8
9
1
41
0
0
1
0
0 0
0
0
]
[G
1
8
9
1
108
0
0
2
0
0 0
0
0
]
[G
1
148
149
1
197
0
0
0
0
3 0
79
70
70
1
1
1 3 1 1
]
[G
1
8
9
1
96
0
0
0
0
3 0
111
102
102
1
1
1 3 1 1
]
[G
1
148
149
1
183
0
0
0
0
1 1
48
1
1
1 1 1 1
]
[G
1
148
149
1
85
0
0
0
0
6 0
98
121
112
97
115
115
1
1
1 6 1 1
]
[G
1
8
9
1
147
0
0
0
0
5 0
102
97
108
115
101
1
1
1 5 1 1
]
[G
1
148
149
1
277
0
0
1
0
0 0
0
0
]
[G
1
8
9
1
13
0
0
10000
0
0 0
0
0
]
[G
1
8
9
1
67
0
0
1
0
0 0
0
0
]
[G
1
148
149
1
125
0
0
9999
0
0 0
0
0
]
[G
1
148
149
1
100
0
0
5
0
0 0
0
0
]
[G
1
148
149
1
258
0
0
1
0
0 0
0
0
]
[G
1
148
149
1
386
0
0
0
0
11 0
80
79
82
84
95
85
78
85
83
69
68
1
1
1 11 1 1
]
[G
1
148
149
1
95
0
0
0
0
3 0
111
102
102
1
1
1 3 1 1
]
[G
1
148
149
1
167
1
0
0
0
2 0
79
78
1
1
1 2 1 1
]
[G
1
148
149
1
144
0
0
0
0
6 0
85
78
85
83
69
68
1
1
1 6 1 1
]
[G
1
8
9
1
127
0
0
9999
0
0 0
0
0
]
[G
1
148
149
1
250
0
0
1
0
0 0
0
0
]
[G
1
148
149
1
182
0
0
0
0
1 1
48
1
1
1 1 1 1
]
[G
1
148
149
1
106
0
0
0
0
4 0
65
85
84
79
1
1
1 4 1 1
]
[G
1
8
9
1
10
0
0
0
0
6 0
110
111
114
109
97
108
1
1
1 6 1 1
]
[G
1
8
9
1
134
0
0
0
0
0 0
0
0
]
[G
1
8
9
1
142
0
0
-1
0
0 0
0
0
]
[G
1
8
9
1
63
0
0
1
0
0 0
0
0
]
[G
1
148
149
1
382
0
0
0
0
9 0
80
79
82
84
95
85
83
69
68
1
1
1 9 1 1
]
[G
1
148
149
1
285
0
0
0
0
6 0
98
121
112
97
115
115
1
1
1 6 1 1
]
[G
1
148
149
1
62
0
0
1
0
0 0
0
0
]
[G
1
148
149
1
289
0
0
0
0
6 0
98
121
112
97
115
115
1
1
1 6 1 1
]
[G
1
148
149
1
210
0
0
1
0
0 0
0
0
]
[G
1
148
149
1
326
0
0
0
0
2 0
101
51
1
1
1 2 1 1
]
[G
1
148
149
1
94
0
0
0
0
3 0
111
102
102
1
1
1 3 1 1
]
[G
1
148
149
1
231
0
0
1
0
0 0
0
0
]
[G
1
148
149
1
92
0
0
0
0
2 0
108
48
1
1
1 2 1 1
]
[G
1
148
149
1
302
0
0
0
0
0 0
0
0
]
[G
1
148
149
1
265
0
0
1
0
0 0
0
0
]
[G
1
148
149
1
194
0
0
50
0
0 0
0
0
]
[G
1
148
149
1
232
0
0
1
0
0 0
0
0
]
[G
1
8
9
1
34
0
0
0
0
0 0
0
0
]
[G
1
8
9
1
76
0
0
0
0
0 0
0
0
]
[G
1
148
149
1
168
0
0
0
0
3 0
111
102
102
1
1
1 3 1 1
]
[G
1
8
9
1
32
0
0
0
0
1 1
48
1
1
1 1 1 1
]
[G
1
8
9
1
21
0
0
0
0
5 0
102
97
108
115
101
1
1
1 5 1 1
]
[G
1
148
149
1
206
0
0
1
0
0 0
0
0
]
[G
1
148
149
1
227
0
0
0
0
1 1
48
1
1
1 1 1 1
]
[G
1
148
149
1
321
0
0
0
0
3 0
111
102
102
1
1
1 3 1 1
]
[G
1
148
149
1
36
0
0
1
0
0 0
0
0
]
[G
1
148
149
1
279
0
0
0
0
6 0
98
121
112
97
115
115
1
1
1 6 1 1
]
[G
1
148
149
1
332
0
0
0
0
2 0
99
55
1
1
1 2 1 1
]
[G
1
148
149
1
261
0
0
1
0
0 0
0
0
]
[G
1
148
149
1
60
0
0
0
0
0 0
0
0
]
[G
1
148
149
1
61
0
0
1
0
0 0
0
0
]
[G
1
8
9
1
19
0
0
0
0
0 0
0
0
]
[G
1
148
149
1
398
0
0
0
0
11 0
80
79
82
84
95
85
78
85
83
69
68
1
1
1 11 1 1
]
[G
1
8
9
1
123
0
0
1
0
0 0
0
0
]
[G
1
148
149
1
116
0
0
0
0
3 0
79
70
70
1
1
1 3 1 1
]
[G
1
8
9
1
37
0
0
0
0
1 1
48
1
1
1 1 1 1
]
[G
1
8
9
1
72
0
0
1
0
0 0
0
0
]
[G
1
148
149
1
29
0
0
0
0
0 0
0
0
]
[G
1
148
149
1
41
0
0
1
0
0 0
0
0
]
[G
1
148
149
1
245
0
0
1
0
0 0
0
0
]
[G
1
148
149
1
349
0
0
0
0
17 0
80
79
82
84
95
67
79
78
78
69
67
84
73
86
73
84
89
1
1
1 17 1 1
]
[G
1
148
149
1
350
0
0
0
0
17 0
80
79
82
84
95
67
79
78
78
69
67
84
73
86
73
84
89
1
1
1 17 1 1
]
[G
1
148
149
1
108
0
0
2
0
0 0
0
0
]
[G
1
148
149
1
352
0
0
0
0
17 0
80
79
82
84
95
67
79
78
78
69
67
84
73
86
73
84
89
1
1
1 17 1 1
]
[G
1
148
149
1
96
0
0
0
0
3 0
111
102
102
1
1
1 3 1 1
]
[P
1
2
3
4
0
1
1
1
1 6 1 1
]
[P
1
5
3
6
7
2
0
0
]
